0.000000000000000000e+00 1.426572156510149796e+02 1.192012633196018925e+02 1.113674432975484336e+02 1.060319578845721793e+02 1.050470871503803352e+02 3.819803537247783964e+01 6.637783953135989634e+01 8.889040703202755367e+01 1.030769070133612075e+02 1.306465829056395762e+02 1.345215745338762758e+02 1.201705453915101316e+02 3.351312867731772371e+01 1.215005136420047762e+02 1.370216663569767661e+02 1.146850538206711860e+02 1.500866317499290403e+02 1.364019852318612323e+02 1.206060157834028104e+02 9.489156439774571083e+01 1.083109216813535483e+02 1.024000549450942827e+02 9.979262379442386077e+01 1.025874626957584468e+02 1.384357171907406610e+02 1.493127043964922507e+02 1.011123333445869150e+02 2.917542384414169732e+01 4.449364415591539768e+01 1.213958529514091396e+02 1.042579167169168386e+02 5.797631907577763144e+01 8.494531072352172885e+01 1.501018980019563003e+02 1.029472357485370111e+02 1.144644271139212321e+02 9.824607117358107189e+01 1.083059442282790741e+02 1.105700366301537940e+02 1.052620394751432400e+02 6.712121213677603748e+01 1.534038914302920773e+02 1.523459806329972821e+02 1.644333130120826354e+02 1.628304430367806503e+02 1.578561872230008589e+02 1.553460832793816166e+02 5.478571505280505249e+01 1.469680587705327071e+02 1.543209930396949403e+02 1.851535025572825361e+02 1.701794390012301790e+02 3.014869760005459653e+01 1.768983820969066585e+02 1.621588820049084632e+02 1.836394966936734079e+02 1.049418601750885784e+02 1.868662423090734990e+02 1.502186929674961391e+02 1.638421161088540146e+02 1.136102288373517410e+02 1.829484057420514773e+02 1.170170173116494965e+02 1.516873271059938588e+02 1.952611562411594548e+02 1.287928858611889780e+02 1.875374204435475747e+02 1.692458381226329038e+02 1.541971798489308583e+02 1.161311100299896850e+02 1.806177479601265361e+02 1.423095733603089457e+02 8.246197877644998186e+01 2.044880962819022159e+02 1.898151976377766630e+02 1.525572308915520523e+02 1.686963259483384547e+02 1.519188009706529385e+02 9.528769464873158768e+01 9.767099355687969364e+01 1.442734611053167555e+02 1.658481227048123401e+02 1.847532149310055729e+02
1.426572156510149796e+02 0.000000000000000000e+00 6.955956037401922742e+01 1.398597802813582973e+02 1.391203767437155818e+02 1.589808209482722248e+02 1.494955790024776547e+02 1.599345555417224602e+02 8.013512358274101643e+01 1.787114134308896496e+02 6.782953821442120557e+01 1.384350891897077531e+02 5.674608148648246697e+01 1.508860762477692674e+02 1.143788983148992600e+02 6.812045174009843151e+01 7.005893491940886975e+01 9.392970473588478342e+01 8.165094871240277996e+01 1.576432685909574616e+02 1.121179401936527285e+02 3.577398918688500373e+01 8.929484514820408947e+01 8.562365037856997674e+01 2.962910183927590424e+01 7.107798825602692716e+01 3.809145604549921416e+01 1.132075472150142161e+02 1.384182071323031096e+02 1.350794910674178482e+02 7.532045460471978515e+01 1.239807992012804050e+02 1.342596303023802875e+02 7.303320993478560297e+01 1.487923979389918827e+02 7.998716524090640689e+01 5.966965643553994880e+01 6.635731965450798953e+01 8.233396350327515734e+01 1.119150993929563072e+02 1.086826982592403965e+02 5.144785211234493971e+01 1.003904823351261797e+02 8.338789973187407156e+01 9.634418500117628525e+01 1.037156544786026870e+02 1.363117985718453724e+02 1.127035388414121400e+02 6.860043615954970164e+01 1.539330345907188757e+02 3.111845261782397642e+01 8.988769069302207981e+01 1.276387584969062914e+02 4.209045750833040245e+01 1.725335165473363759e+02 1.658292931549749198e+02 1.857125937768460631e+02 1.419367455059475560e+02 1.851301737009839314e+02 1.035184120401788448e+02 1.539933279559636787e+02 9.953632969345436265e+01 1.770856549477235546e+02 1.361663897733132558e+02 1.156064392318129563e+02 9.349140770498677000e+01 1.287439643356665897e+02 1.095165924136857427e+02 1.440425741948115501e+02 1.474921496087701769e+02 7.645017718464490031e+01 1.071852085962946859e+02 1.481380916692516791e+02 7.282248449822851910e+01 1.081188769360059894e+02 8.000716937674178553e+01 1.630095687150187871e+02 1.722750964170955115e+02 1.563907998269092161e+02 1.244622388098170944e+02 8.456933465646309855e+01 1.266476460441786287e+02 1.097345114890191127e+02 1.529294020499355327e+02
1.192012633196018925e+02 6.955956037401922742e+01 0.000000000000000000e+00 1.538080511501617877e+02 1.525841163932080065e+02 1.448131985677283353e+02 1.103875524029077724e+02 1.316758702448798886e+02 1.449692535798030804e+02 1.395847728793084741e+02 1.217397471437437702e+02 1.850985016991895975e+02 1.611731908433819740e+02 1.273103199738900173e+02 1.627390628045465348e+02 1.156216410525392462e+02 4.767128461413885532e+01 1.053928692494030344e+02 8.176697935117297789e+01 1.770038719420822986e+02 7.296683504293378064e+01 9.135746211745382084e+01 3.907170462607764705e+01 1.197328816202614661e+02 1.440843617097360720e+02 4.222867095192731313e+01 3.769331900192974416e+01 1.009455709146484708e+02 1.391400954931457363e+02 1.000999981099496239e+02 1.447393811255806497e+02 1.840373419910138182e+02 1.308144807179207305e+02 8.098137317698702020e+01 1.578074054045602566e+02 7.900528654846434051e+01 5.161824981036004800e+01 6.876080808469980354e+01 9.342464599614280019e+01 1.153808105667898474e+02 1.430057064418932384e+02 1.311140470365884312e+02 1.251637558268974288e+02 1.023667779570846506e+02 1.166188884777177321e+02 1.303650217748533748e+02 1.503483918430476365e+02 1.671254897493970191e+02 1.346621428090440986e+02 1.822771821007647191e+02 8.165307669151181358e+01 1.058819380295265660e+02 1.918644709049314372e+02 9.826337555231221188e+01 2.087616185749871249e+02 1.774593211278165086e+02 1.988524036345235970e+02 1.668765792414215241e+02 2.046881038920985816e+02 1.598967368376835907e+02 1.953703390876617334e+02 1.658475930291620557e+02 1.913975517011439251e+02 1.814737749728177221e+02 1.355659976370525044e+02 1.195370176800398809e+02 1.572485114419359320e+02 1.374879096931561264e+02 1.942359659912454219e+02 1.568077977951514583e+02 1.037451044179255177e+02 1.203621743240057071e+02 1.660254112541803408e+02 1.357928483830367554e+02 1.239782626900734783e+02 1.066054513610058621e+02 1.738196732494300818e+02 1.921131235552912528e+02 1.686898177840235746e+02 1.682738722223731429e+02 1.414244192536505125e+02 1.760165532995774811e+02 1.357890510866292288e+02 1.720234638364126454e+02
1.113674432975484336e+02 1.398597802813582973e+02 1.538080511501617877e+02 0.000000000000000000e+00 1.110768729230566834e+02 8.384877933431987174e+01 6.655994349492659978e+01 1.142326915208307412e+02 6.470140290433472785e+01 2.745350197492909672e+01 1.704471183596200490e+02 4.698517606710440475e+01 1.457114250061640348e+02 1.238358611138202150e+02 7.828540928291724299e+01 1.130856358524108316e+02 1.863834478465618645e+02 1.829102427582052712e+02 1.886429277039285637e+02 1.616598414329388333e+01 1.479450746807798680e+02 1.145490722982479497e+02 1.611758952534642049e+02 2.692399558518855329e+01 1.444364813223380111e+02 1.840102364784214615e+02 1.693947175587117044e+02 2.498142199725993962e+01 1.183809808116355384e+02 1.401776429325510946e+02 1.673630667381193859e+02 1.435682045778730753e+02 1.034250723087161674e+02 1.119557575831980785e+02 1.501583149249761391e+02 9.454424676128303417e+01 1.260976057364348009e+02 1.065800540997809378e+02 1.076945005774032467e+02 8.109720135842464117e+01 1.181091541064766517e+02 1.212183944077583817e+02 1.608448013047084544e+02 1.739328749222960937e+02 1.764968075150270295e+02 1.777922850395582088e+02 1.358354178712528153e+02 1.831384232206323190e+02 1.184601045248021762e+02 1.754815339105159921e+02 1.643632917217913700e+02 1.976825732745961375e+02 1.498465042102361622e+02 1.575680056677080927e+02 1.673520836468068183e+02 1.556271584906650105e+02 1.792360974632504735e+02 9.309024977578758353e+01 1.631182603196459979e+02 2.166009147479056764e+02 1.430294133025501537e+02 1.634492768322496374e+02 1.919425576493205483e+02 1.472580295042906755e+02 1.561583179290310852e+02 1.670521476284783660e+02 1.778933689051672502e+02 1.516363351674693263e+02 1.498907465118149105e+02 1.737365452696915895e+02 1.484095277504856938e+02 1.886977385172872062e+02 1.281917077364013835e+02 1.149390637146918692e+02 2.103450168536930107e+02 2.019827540203015417e+02 1.528153502969873330e+02 1.893127198158040301e+02 1.758238218163786257e+02 1.178697524262432381e+02 2.020272341395618980e+02 1.674914563541114489e+02 1.817054237446083107e+02 1.962589113499323901e+02
1.060319578845721793e+02 1.391203767437155818e+02 1.525841163932080065e+02 1.110768729230566834e+02 0.000000000000000000e+00 3.424360777150554469e+01 1.219908696340729506e+02 8.239163771321753416e+01 6.166693945408398747e+01 1.184586814718229988e+02 1.088916219901970379e+02 8.359610308132508294e+01 1.061213784981524526e+02 1.236082148142366606e+02 2.128300203153153092e+01 6.180432071957068985e+01 1.640527092078019109e+02 1.045317819968173438e+02 1.281539983966728187e+02 1.040786740403634099e+02 1.077530782270030016e+02 1.062450210782612032e+02 1.404053285292868622e+02 8.725482433195024612e+01 1.499683447727912835e+02 1.671708918473193535e+02 1.684965148728174427e+02 1.194748146881671005e+02 1.074659760941693349e+02 1.303610458843584183e+02 1.034100652871175186e+02 1.421305464591244316e+01 1.209921000121991455e+02 1.663842512885312175e+01 8.026189847346140027e+01 7.873776816577546356e+01 1.246436559876489696e+02 6.666580285008978990e+01 7.275343787015748376e+01 2.345933642257643470e+01 1.528858404991990128e+01 9.251463885182563729e+01 1.532942219971320696e+02 1.024401645798406264e+02 1.798655011186610295e+02 9.103950537815637745e+01 1.250137286454910992e+02 6.347901318667206993e+01 4.275950246563792945e+01 3.974514230495815070e+01 6.107024996809776951e+01 1.221863164451458346e+02 1.624965063098849782e+02 3.972765303584766627e+01 1.443631020076004461e+02 1.690434158083980094e+02 1.609744305562550153e+02 1.118888611090472835e+02 1.759053992956635852e+02 6.023430956464965647e+01 1.431652939386918604e+02 8.727604875667488216e+01 1.605465418540416920e+02 8.285777334417424811e+01 1.001289175127390223e+02 5.663911067083863315e+01 2.037805056514068980e+01 3.492214539020360320e+01 1.580477246322426197e+02 1.122818086027345572e+02 7.083736891667128077e+01 1.170229259948412448e+02 1.586587674115643267e+02 3.285242267787695170e+01 1.353359128141197232e+02 1.854633672939093003e+02 1.750804087500933690e+02 1.680161967402518997e+02 1.277948295077035397e+02 3.564627356162908001e+01 3.112149178096461810e+01 4.951046529300421639e+01 1.452590432741425843e+02 7.505994433943375554e+01
1.050470871503803352e+02 1.589808209482722248e+02 1.448131985677283353e+02 8.384877933431987174e+01 3.424360777150554469e+01 0.000000000000000000e+00 6.653912895949180495e+01 3.741727878029595900e+01 7.562951365383675295e+01 3.931662327936121670e+01 1.271705482219046672e+02 3.863831059084894548e+01 1.005635450439012146e+02 8.712730767748807637e+01 3.465795339457452684e+01 1.654286085056177171e+02 1.582803873225679467e+02 1.548822880581897721e+02 1.663952693549923083e+02 6.806499784118607010e+01 1.290228857464712178e+02 1.310254664250936969e+02 1.362969581023549210e+02 8.949528948749967583e+01 1.474945096741711268e+02 1.647028847001195402e+02 1.701695348243772230e+02 7.931522145541644875e+01 1.123817809899764626e+02 1.151527449852319194e+02 1.587357260377590080e+02 5.135102089359301658e+01 1.214508410586565077e+02 8.219677107096403290e+01 1.420888335764616670e+02 8.982730129396954055e+01 1.314529944627039413e+02 8.305790236984022101e+01 7.983317083410487669e+01 3.841965002112262795e+01 3.499962961329761413e+01 9.919140033171568405e+01 1.694844264004620413e+02 1.716827837828483325e+02 1.815032498122530740e+02 1.771852497704927316e+02 1.520960890657074742e+02 1.873394765225862670e+02 1.230092432142503043e+02 1.824617359124819700e+02 1.874897919787892704e+02 2.059807531087325287e+02 1.682857274249150521e+02 1.479433860140943580e+02 1.751765772626555702e+02 1.682390613546663474e+02 1.872567860503088468e+02 1.168588304730109257e+02 1.750084163499557235e+02 2.056757761672010645e+02 1.571798074752394996e+02 1.739977954082209806e+02 1.968196326348102048e+02 1.570936290463331204e+02 1.809114841526840394e+02 2.133423903304436635e+02 1.717964565188831898e+02 2.046794021540291624e+02 1.642479814146074375e+02 1.863736677709320020e+02 1.631395591074424658e+02 1.991658666896000227e+02 1.487286898964532611e+02 1.474080870939364445e+02 2.173237457224350919e+02 2.057832230613508102e+02 1.654432749633972435e+02 1.922369516706102957e+02 1.777392190438053206e+02 1.613439977574260809e+02 1.891928244622961017e+02 1.747777809635172162e+02 1.847270258345096465e+02 1.961589988948647090e+02
3.819803537247783964e+01 1.494955790024776547e+02 1.103875524029077724e+02 6.655994349492659978e+01 1.219908696340729506e+02 6.653912895949180495e+01 0.000000000000000000e+00 6.806279637395736870e+01 7.719058733484844481e+01 3.449622907838268304e+01 1.577909110737370213e+02 9.701529039941080157e+01 1.432187825204014473e+02 5.333271784938744275e+01 9.564144856707257247e+01 1.293034385782718516e+02 1.320763074342464733e+02 1.712733327031828878e+02 1.573197580776034670e+02 9.731233856530911908e+01 8.379692617083243533e+01 1.095409449032990779e+02 9.753480570111848635e+01 6.691709626531981314e+01 1.698318037212460467e+02 1.424514265950414256e+02 1.322502577040645804e+02 4.309448761260404837e+01 9.016079249984804278e+01 3.663360553454729995e+01 1.864607314046155579e+02 1.342518823657090365e+02 8.816978682817868673e+01 9.820383300326177789e+01 1.467199921890976100e+02 8.861524623125647793e+01 1.046420849243261699e+02 9.647099335843253698e+01 9.901674529087482313e+01 9.490394222609211283e+01 1.073121298298921289e+02 1.390423814569784042e+02 1.534059516569571713e+02 1.561408012369547293e+02 1.619488976172164030e+02 1.650105269997566495e+02 1.507219008031937335e+02 1.703845909428194716e+02 1.420753085514592726e+02 1.645432596532065190e+02 1.655838741454786032e+02 1.808157322677666912e+02 1.600500704988096743e+02 1.609108795193710932e+02 1.726825975207606803e+02 1.535518094291854823e+02 1.755838245670327353e+02 9.992287510717689258e+01 1.664769077068530407e+02 2.129408591263232040e+02 1.584805457171804619e+02 2.067362669284403296e+02 1.819799108574919160e+02 1.629116423859926783e+02 1.571667574430907166e+02 1.965943668650801612e+02 2.233490380733546772e+02 2.127340161925433506e+02 1.579426484055107096e+02 1.625270005861561344e+02 1.285257234323696309e+02 1.719978525800021316e+02 1.337447058344733932e+02 1.912975470220584384e+02 2.059124634641930527e+02 1.792886064294991399e+02 1.476879767920814572e+02 1.708695136892144149e+02 1.548579968496422907e+02 2.003224507248755515e+02 1.968643462587435522e+02 1.553305653782866500e+02 1.664914900473178818e+02 1.887539527749847821e+02
6.637783953135989634e+01 1.599345555417224602e+02 1.316758702448798886e+02 1.142326915208307412e+02 8.239163771321753416e+01 3.741727878029595900e+01 6.806279637395736870e+01 0.000000000000000000e+00 9.883270933938807445e+01 5.795910033070563117e+01 1.165223035286220039e+02 9.745138150864585214e+01 8.727874685498883878e+01 3.384940642572711766e+01 7.766087951299704173e+01 1.705207862112764872e+02 1.365279637615030879e+02 1.532483061000394571e+02 1.552854841608286165e+02 1.015664273915087534e+02 1.162773020277617064e+02 1.375123169558590348e+02 1.207769882881828210e+02 1.065118784737733364e+02 1.373641360581059701e+02 1.530872419132604421e+02 1.628966343833364760e+02 1.070126089985166260e+02 8.972887230778302126e+01 8.545862881985475212e+01 1.453115750259975982e+02 4.283092670925806544e+01 1.161518018129702483e+02 8.833359503489381837e+01 1.539073783695007478e+02 9.521229660129513661e+01 1.315082345369742995e+02 8.641925018057601449e+01 7.821186248449933487e+01 5.306288789998279043e+01 4.195650458750116485e+01 8.287701014174474778e+01 1.702827628000814855e+02 1.699699699165423681e+02 1.783538277520527799e+02 1.754305340403430762e+02 1.684622544751666169e+02 1.867056651426030385e+02 1.253413739988459668e+02 1.807173893406880154e+02 1.825926136849963370e+02 1.973899757532316244e+02 1.810679777088390097e+02 1.560482457601669068e+02 1.878903309429368846e+02 1.693565078910460500e+02 1.897517124036324390e+02 1.217177168503851021e+02 1.848893532181685373e+02 2.072744738351117633e+02 1.769739781325393153e+02 1.753995366141640488e+02 1.959254611562087121e+02 1.782132263118444939e+02 1.765462664725401964e+02 2.110373288349385632e+02 2.036777918386675594e+02 2.188136851203309732e+02 1.784653919581534467e+02 1.787238412768980709e+02 1.530869542997327244e+02 1.958679186051918748e+02 1.517718158680528404e+02 1.698142058372583278e+02 2.155735485098846311e+02 1.994721085765626754e+02 1.652199252618735272e+02 1.879510347684661724e+02 1.715441486199309225e+02 1.772148676477245601e+02 1.923303401856579455e+02 1.731125066413542015e+02 1.818024659945285748e+02 2.019240179265047743e+02
8.889040703202755367e+01 8.013512358274101643e+01 1.449692535798030804e+02 6.470140290433472785e+01 6.166693945408398747e+01 7.562951365383675295e+01 7.719058733484844481e+01 9.883270933938807445e+01 0.000000000000000000e+00 8.047969425617561967e+01 1.429514235462204397e+02 4.774255830569143200e+01 1.258383930739135792e+02 1.086200376239253984e+02 2.996112225253301631e+01 8.810456105442838748e+01 1.363382965173670414e+02 1.626177036011678467e+02 1.535640786199744241e+02 6.354880736545786846e+01 9.927834406827091129e+01 3.227548962435943736e+01 1.237449470283567905e+02 3.113770558003928102e+01 1.082360354340143829e+02 1.408909459977972460e+02 1.113459326518070327e+02 6.765234852649120967e+01 9.796326704342408220e+01 7.468720360125364266e+01 1.458718303386336004e+02 1.135815030535343197e+02 7.891845940787243308e+01 1.019710980934796112e+02 1.394960904046977817e+02 7.586085288354534839e+01 1.061869000856111143e+02 9.927966059483551930e+01 9.004135507445047892e+01 3.252994878574437365e+01 8.731662069774951362e+01 1.243309169401522070e+02 1.042828800714669484e+02 1.338072312155573513e+02 1.196300494430126378e+02 1.188758248841230909e+02 9.373776777376436087e+01 1.251592696510347480e+02 1.360548662973286014e+02 1.067563936072291426e+02 1.338547844271926124e+02 1.652073911839031837e+02 9.883748492698465782e+01 1.046891118485106489e+02 1.192470730408413715e+02 1.014503927994971662e+02 1.294286206646242476e+02 2.295354915855066125e+01 1.109481332054363207e+02 1.735482541165818020e+02 9.558100184664253618e+01 1.746349722439962306e+02 1.315064456534342980e+02 9.412224307047493710e+01 9.550456198923386353e+01 1.720208535417285134e+02 1.931129191340312730e+02 1.878214781734727978e+02 9.923511416115756845e+01 1.091297036284599500e+02 5.213775407557688624e+01 1.358128258662263477e+02 7.190673757378344533e+01 1.541515723915869955e+02 1.895570952805168474e+02 1.720531335925965379e+02 9.558004821668176021e+01 1.176334922889826089e+02 9.504839477017847571e+01 1.966753975108886436e+02 1.529594960020409928e+02 1.008793621270589256e+02 1.202124877971090058e+02 1.564240665830142234e+02
1.030769070133612075e+02 1.787114134308896496e+02 1.395847728793084741e+02 2.745350197492909672e+01 1.184586814718229988e+02 3.931662327936121670e+01 3.449622907838268304e+01 5.795910033070563117e+01 8.047969425617561967e+01 0.000000000000000000e+00 1.603159777535345256e+02 3.346721385529781401e+01 1.444298562361211395e+02 7.682853475497900320e+01 9.198610432423640759e+01 1.612600323843025194e+02 1.723500505885627661e+02 1.779732414315980407e+02 1.784472592290939588e+02 2.220815094933189116e+01 1.251980790907661287e+02 1.473808734400037395e+02 1.367610147442147763e+02 7.669392380709140866e+01 1.707132328048782881e+02 1.713580313861427840e+02 1.700768719357831458e+02 4.157163429844784730e+01 1.152423583708028616e+02 1.305076987824476760e+02 1.890095139673915412e+02 1.351327536635428999e+02 1.103609769181376947e+02 1.058422435998808311e+02 1.499221503747560007e+02 9.723247433262697825e+01 1.283929869862134581e+02 1.023233566543267870e+02 1.067250915989878450e+02 9.315242242508477943e+01 1.131219901211438525e+02 1.431540566840301665e+02 1.691245390288720500e+02 1.795275518822975300e+02 1.813650664698369326e+02 1.822687540751708468e+02 1.516063040003655544e+02 1.875701164035744739e+02 1.539040754479951829e+02 1.868996826583597795e+02 1.889880564236721341e+02 2.022895773623243656e+02 1.665950857202010127e+02 1.739639711337301833e+02 1.772859199528568581e+02 1.639213423388947035e+02 1.856340938094305955e+02 1.092438064213878448e+02 1.730951297195898917e+02 2.227123706980029567e+02 1.587670942510579835e+02 2.016060790202525084e+02 1.971408161887532344e+02 1.609567552235829169e+02 1.776138018407926324e+02 2.088489910357719168e+02 2.038152592103018037e+02 2.065528489783818031e+02 1.626669259621748438e+02 1.866751569132499355e+02 1.643373301860018785e+02 1.935594388060318067e+02 1.409386329182684676e+02 1.813512773129129982e+02 2.216519311916553647e+02 2.030588948458287462e+02 1.623627512683999896e+02 1.935147388121853851e+02 1.809654519734905591e+02 1.718051269228012927e+02 2.138229812568826276e+02 1.776303832715911426e+02 1.863460364022866997e+02 1.943482715989322571e+02
1.306465829056395762e+02 6.782953821442120557e+01 1.217397471437437702e+02 1.704471183596200490e+02 1.088916219901970379e+02 1.271705482219046672e+02 1.577909110737370213e+02 1.165223035286220039e+02 1.429514235462204397e+02 1.603159777535345256e+02 0.000000000000000000e+00 1.486434403535550075e+02 3.503445689736431490e+01 9.984685841156871788e+01 1.384196248744152342e+02 1.307485191672554663e+02 5.534215379167058302e+01 2.952529146146181560e+01 3.084646106905783469e+01 1.563266685303277370e+02 1.174641610711411062e+02 1.045797148801405569e+02 1.095139220721721642e+02 1.583168536881175896e+02 3.985812693249297212e+01 4.349781205487268210e+01 8.341737521000023037e+01 1.645290501450601255e+02 8.453757459747514247e+01 1.324052939786457728e+02 5.692371455642265943e+01 7.872209895775741018e+01 1.218097990563172175e+02 3.141361240125336352e+01 1.382946428176716722e+02 8.701052667029293275e+01 4.231235435466440009e+01 4.416657273237635906e+01 5.885867886444288644e+01 9.914627600791261841e+01 9.006807850722309183e+01 3.164982217004509479e+01 1.748987524338639332e+02 6.264127497445353043e+01 1.338447515923487572e+02 1.684945573886569150e+02 2.039934671000998776e+02 1.557920641425286590e+02 4.602044855250355226e+01 1.702221470918028956e+02 1.005570772467883103e+02 1.551020112412366529e+02 2.034529462031177331e+02 6.276400946780312751e+01 1.874838914843239479e+02 2.150651815577364800e+02 2.004717297362369379e+02 1.767768707455229560e+02 2.171242378654709171e+02 8.390145972599493973e+01 2.028923345501823405e+02 8.164184062211147364e+01 1.909325792883848578e+02 1.828396400066295655e+02 1.752716808936445148e+02 1.601941775355219306e+02 1.121923540102793027e+02 1.388428038487364802e+02 2.029859637765147227e+02 1.925880358835174206e+02 1.412935104234885273e+02 1.755610534257779989e+02 2.000397713109764766e+02 7.096627935145400556e+01 1.139264775043642288e+02 1.176790892891106211e+02 2.137052964682872016e+02 1.795484537584088685e+02 2.069355146075677396e+02 1.066869378929438739e+02 1.109207035463554263e+02 1.623377372183302896e+02 1.183954027734419157e+02 1.659274109778585569e+02
1.345215745338762758e+02 1.384350891897077531e+02 1.850985016991895975e+02 4.698517606710440475e+01 8.359610308132508294e+01 3.863831059084894548e+01 9.701529039941080157e+01 9.745138150864585214e+01 4.774255830569143200e+01 3.346721385529781401e+01 1.486434403535550075e+02 0.000000000000000000e+00 1.314892550975937411e+02 1.135896611462595729e+02 3.921102973977638584e+01 1.431972460981270672e+02 1.951388446808068977e+02 1.665975040645295167e+02 1.734860526828501008e+02 2.327091183717492484e+01 1.764103337570690826e+02 9.524168646709458130e+01 1.866385974928863050e+02 3.849572055868873832e+01 1.522132797240283821e+02 1.787814521586935541e+02 1.681827272879417308e+02 6.255911342468104408e+01 1.171167374236894716e+02 1.597439298173142674e+02 1.776281907508555378e+02 1.181428591921843179e+02 1.251642422773036287e+02 1.035885195903475449e+02 1.416098092230582211e+02 9.666288793219575837e+01 1.373101341489482934e+02 1.007748069357274829e+02 1.061649419746016747e+02 5.480164735946196686e+01 1.036714452755333014e+02 1.340279110979462587e+02 1.571948241447926478e+02 1.731718798107170585e+02 1.793032755959846156e+02 1.790193112491866145e+02 1.236151440965710151e+02 1.796568054783918456e+02 1.366300651524705927e+02 1.747137331490289114e+02 1.689784613352578049e+02 2.009947038266710990e+02 1.469286370370733437e+02 1.406611874051779694e+02 1.595661975820970326e+02 1.607725771135215496e+02 1.799349360742947681e+02 9.613259130687337972e+01 1.596819482016558709e+02 2.084385061894954561e+02 1.285610303565823926e+02 1.942493336551657706e+02 1.915444760336359025e+02 1.317583374489168193e+02 1.607012509184662008e+02 1.682679413558014971e+02 1.770930658703833842e+02 1.615293264914012923e+02 1.447885154044878391e+02 1.767795137889286252e+02 1.513226360746706121e+02 1.863619448387680677e+02 1.325821110565103993e+02 1.540478728823055974e+02 2.150425781280202386e+02 2.075015318615036790e+02 1.539515220446456283e+02 1.906576762457276573e+02 1.801698733002311030e+02 1.870896608005775477e+02 1.873427865739376728e+02 1.718877270295356539e+02 1.821636508084517345e+02 1.905025196791424094e+02
1.201705453915101316e+02 5.674608148648246697e+01 1.611731908433819740e+02 1.457114250061640348e+02 1.061213784981524526e+02 1.005635450439012146e+02 1.432187825204014473e+02 8.727874685498883878e+01 1.258383930739135792e+02 1.444298562361211395e+02 3.503445689736431490e+01 1.314892550975937411e+02 0.000000000000000000e+00 8.686069009116154405e+01 1.282255805358053351e+02 1.306858943640590383e+02 1.507476995790296144e+02 7.910391485697211067e+01 1.168763223243515057e+02 1.367714504103556692e+02 1.385330271871480647e+02 9.451489316083639380e+01 1.422561636353838139e+02 1.427765611472734690e+02 2.611873076136976124e+01 7.856842563529328061e+01 3.794100764591144070e+01 1.460877472973278657e+02 8.060151562629960154e+01 1.386223047944256450e+02 3.020542790764358898e+01 6.863287551966239164e+01 1.294655639042373423e+02 3.491861042541817284e+01 8.769170200274145088e+01 4.841401613388191549e+01 3.947228851783972203e+01 3.568200851572278509e+01 2.527295823528141483e+01 7.392596722134746301e+01 2.116383853817595195e+01 2.242237455970080262e+01 1.012825510345487316e+02 5.969423274938198887e+01 1.087097292133277904e+02 9.725300458543803472e+01 1.309385968474340984e+02 7.491322916639647644e+01 4.329374047145419979e+01 1.505172251715244442e+02 9.372996673266851531e+01 1.672662775943188365e+02 1.574579279987139842e+02 1.005567187447638133e+02 1.565936436915761192e+02 1.834123645272145495e+02 1.597751639646017452e+02 1.677178405695415506e+02 1.776003524497322985e+02 7.875901485443435490e+01 1.658921052470739710e+02 7.498568723247110768e+01 1.642180331242792590e+02 1.682993827726769496e+02 1.740005981045326848e+02 1.660672266501557601e+02 1.088419076507564824e+02 1.378667707937273406e+02 1.595744898712537463e+02 1.818044309479880383e+02 1.339282623811595556e+02 1.796512138452361285e+02 1.783065519307488387e+02 5.773587359774926853e+01 1.064598247385528538e+02 1.072071986567323023e+02 1.807386207794942266e+02 1.512730177793623056e+02 1.833914445990038757e+02 9.958465254453867033e+01 1.203195362199046201e+02 1.244488299888946869e+02 9.723027410589020292e+01 1.056903879279598470e+02
3.351312867731772371e+01 1.508860762477692674e+02 1.273103199738900173e+02 1.238358611138202150e+02 1.236082148142366606e+02 8.712730767748807637e+01 5.333271784938744275e+01 3.384940642572711766e+01 1.086200376239253984e+02 7.682853475497900320e+01 9.984685841156871788e+01 1.135896611462595729e+02 8.686069009116154405e+01 0.000000000000000000e+00 1.080546335077397657e+02 1.620346411220692175e+02 1.300129977733592455e+02 1.376974488755695063e+02 1.468706356255904382e+02 1.158584563487041095e+02 1.100496266434651318e+02 1.317650566087454820e+02 1.149007412187106638e+02 1.159357187514505085e+02 1.218635123027228673e+02 1.465143250679283540e+02 1.575582431935566206e+02 1.145490376648265141e+02 4.519829034582066640e+01 7.120083564762649075e+01 1.325799033416162445e+02 4.311297741248632320e+01 9.735926933877460954e+01 7.432756202888381836e+01 1.475592501401175127e+02 9.318060021964224404e+01 1.256317138000871410e+02 8.012984111135990872e+01 8.225286684374333390e+01 6.998940366736974283e+01 5.006175205643823745e+01 8.384409254454367044e+01 1.734638528755066886e+02 1.616779553593333389e+02 1.833449830700568555e+02 1.789425287745892490e+02 1.758248951412191730e+02 1.929448528405283696e+02 1.158805243640132119e+02 1.828038202812940085e+02 1.752971544974543292e+02 1.943178241048506152e+02 1.955552833172943110e+02 1.353013196059764027e+02 1.988617911085154333e+02 1.777830099376010082e+02 1.992227560944710660e+02 1.280586764380956595e+02 1.981446018756719809e+02 1.969914833985723988e+02 1.899440766466669857e+02 1.673310237001748533e+02 2.015742969697081435e+02 1.871729502043926061e+02 1.704945622536794474e+02 2.086115588645059233e+02 1.914039959553430208e+02 2.152418732131651211e+02 1.928664750374987022e+02 1.733428811695551133e+02 1.434774046403590262e+02 1.932839503272965658e+02 1.608663402700819063e+02 1.577073932736341533e+02 2.089452853114812001e+02 1.961709884994774598e+02 1.722239816250296940e+02 1.903790186578734449e+02 1.716237657667818723e+02 1.791046153797088039e+02 1.872497365715512956e+02 1.763178198938219907e+02 1.862928113467931723e+02 2.005022727843791586e+02
1.215005136420047762e+02 1.143788983148992600e+02 1.627390628045465348e+02 7.828540928291724299e+01 2.128300203153153092e+01 3.465795339457452684e+01 9.564144856707257247e+01 7.766087951299704173e+01 2.996112225253301631e+01 9.198610432423640759e+01 1.384196248744152342e+02 3.921102973977638584e+01 1.282255805358053351e+02 1.080546335077397657e+02 0.000000000000000000e+00 1.256253675192542403e+02 1.667577465293604746e+02 1.527026027112750342e+02 1.687525796986317062e+02 7.037301473003374497e+01 1.206448117541976046e+02 7.636108835142982798e+01 1.373641947963814403e+02 5.488534514403857401e+01 1.446649216908215863e+02 1.671933726334428343e+02 1.414290657560875104e+02 8.859809426262387433e+01 1.156074685999436866e+02 1.123094845679120510e+02 1.669247230677334244e+02 5.442376287098630172e+01 1.088283384158970506e+02 9.046822711559150321e+01 7.094285345639198681e+01 6.251422050019600363e+01 1.244358420396458200e+02 8.630028894171820752e+01 7.251603586523081901e+01 1.987594076872397508e+01 3.874850459225154964e+01 1.399209520036424124e+02 1.221966265867161496e+02 1.518442200952152348e+02 1.641000525804577705e+02 1.248133044149639517e+02 1.124838972991758368e+02 1.395213421902892890e+02 1.100838704671443793e+02 1.329310226089678224e+02 1.500977381319430890e+02 1.865799025507596696e+02 1.488456133056001249e+02 8.367378364839832727e+01 1.546497770322437191e+02 1.584566037395847502e+02 1.766885331988476651e+02 9.220402458905941501e+01 1.583621710411798347e+02 1.795108508157290146e+02 1.308981785272356433e+02 1.882691691016298137e+02 1.840655605039025318e+02 1.045750723190183891e+02 1.371771526214611754e+02 1.766217347535938700e+02 1.213844768450128697e+02 1.575924032351744586e+02 1.444222262544974171e+02 1.485530231144466597e+02 1.066142909770808131e+02 1.626545771552104043e+02 1.335041921176328970e+02 1.328865631205661941e+02 2.072325305480732709e+02 1.928022589898583021e+02 1.513125725894532536e+02 1.774520169160608418e+02 1.545397408098770597e+02 1.785096003049937394e+02 1.149128387760342491e+02 1.351487633939098600e+02 1.688652578987597508e+02 9.759133267701260195e+01
1.370216663569767661e+02 6.812045174009843151e+01 1.156216410525392462e+02 1.130856358524108316e+02 6.180432071957068985e+01 1.654286085056177171e+02 1.293034385782718516e+02 1.705207862112764872e+02 8.810456105442838748e+01 1.612600323843025194e+02 1.307485191672554663e+02 1.431972460981270672e+02 1.306858943640590383e+02 1.620346411220692175e+02 1.256253675192542403e+02 0.000000000000000000e+00 1.117721169443759663e+02 1.445400238247405014e+02 1.305077907186374944e+02 1.255878263683778897e+02 2.672007460945836854e+01 3.475671295224650947e+01 2.899908768795769376e+01 3.785082515460085517e+01 1.127190225210161145e+02 1.226772996171347359e+02 4.001260760167109964e+01 4.335532014038509629e+01 1.263492656781515677e+02 9.469607449541885558e+01 1.405660907301280815e+02 8.238284695788392753e+01 1.028712957031217599e+02 9.378753475313583010e+01 1.515212027142003990e+02 7.271462040434208518e+01 5.669761490632825485e+01 7.819806652145834391e+01 8.060848693331274717e+01 9.217018469383343415e+01 1.054254020759167219e+02 1.072406008086305320e+02 1.225596983554992363e+02 1.086247567796160780e+02 1.274185283592511411e+02 1.294584853831651117e+02 1.371319220779356272e+02 1.533457649066577346e+02 1.118693092535903588e+02 1.474355883284073627e+02 1.086304785124197139e+02 1.308457257273108780e+02 1.469296934860282704e+02 7.870147070359068664e+01 1.879288493547027201e+02 1.609945387457660502e+02 1.796398855821832683e+02 1.132555634709634518e+02 1.858955537369204762e+02 1.836069270332409928e+02 1.684169785540926512e+02 1.782873964829067006e+02 1.689037366077205320e+02 1.374271426436198738e+02 1.009134912322462441e+02 1.550838589149468874e+02 1.890059857613502743e+02 1.779698706733561266e+02 1.484517180616369103e+02 1.203792244120727872e+02 6.187669956076730671e+01 1.109841848290645316e+02 1.187999456944020693e+02 1.585770935315268844e+02 1.692331574419282845e+02 1.118189820609992040e+02 1.317849686127491964e+02 1.430581910346638495e+02 1.252346643470683745e+02 1.809172736267078676e+02 1.178997107175827068e+02 1.280723417331478515e+02 1.401111694293253720e+02 1.743435308066771086e+02
1.146850538206711860e+02 7.005893491940886975e+01 4.767128461413885532e+01 1.863834478465618645e+02 1.640527092078019109e+02 1.582803873225679467e+02 1.320763074342464733e+02 1.365279637615030879e+02 1.363382965173670414e+02 1.723500505885627661e+02 5.534215379167058302e+01 1.951388446808068977e+02 1.507476995790296144e+02 1.300129977733592455e+02 1.667577465293604746e+02 1.117721169443759663e+02 0.000000000000000000e+00 6.184822492112151338e+01 3.111637953199377193e+01 1.965285050845859303e+02 8.340667348604362985e+01 9.203020239071052799e+01 4.006512426580150077e+01 1.360066393828286380e+02 1.200480145629699251e+02 4.691788484472645848e+01 7.615846302370169951e+01 1.287314170607340884e+02 1.124242101251300454e+02 9.182369359618667204e+01 1.313196726326638668e+02 1.646854495294367666e+02 1.036902651643665081e+02 3.599783935447649696e+01 1.668724129304848987e+02 9.202657453285931410e+01 5.920286500705483945e+01 5.949224875884228680e+01 9.411037098147320989e+01 1.296915219288790126e+02 1.531346135854515467e+02 1.397055587836880193e+02 1.410143931226948553e+02 1.113671830650236245e+02 1.316881575498160828e+02 1.452094509372315372e+02 1.709511066671870196e+02 1.677467976370735130e+02 1.340776902672883750e+02 1.944637394397724677e+02 8.809459071687365395e+01 1.191546407648536814e+02 1.567038966164244869e+02 5.158157201091112398e+01 2.118344372740727692e+02 1.930463388081183211e+02 2.113520209658980775e+02 1.738374816701727923e+02 2.095613496548019725e+02 1.595248195795722381e+02 1.770150303458675580e+02 1.597849798545053943e+02 2.050106641566835037e+02 1.759106798330267338e+02 1.526479102001068782e+02 1.279677424950259308e+02 1.543723653939906910e+02 1.352700505360277532e+02 1.642995593590233341e+02 1.706747871693295622e+02 1.173799465312864214e+02 1.437011286855259868e+02 1.828865863743657201e+02 1.314280262860940240e+02 1.244822320708523620e+02 1.200108089705374823e+02 1.895552696095754186e+02 2.004134694609133760e+02 1.822569850318713236e+02 1.618074243723655741e+02 8.133193413091515822e+01 1.782761809050611248e+02 1.489646352841628527e+02 1.822918620662073295e+02
1.500866317499290403e+02 9.392970473588478342e+01 1.053928692494030344e+02 1.829102427582052712e+02 1.045317819968173438e+02 1.548822880581897721e+02 1.712733327031828878e+02 1.532483061000394571e+02 1.626177036011678467e+02 1.779732414315980407e+02 2.952529146146181560e+01 1.665975040645295167e+02 7.910391485697211067e+01 1.376974488755695063e+02 1.527026027112750342e+02 1.445400238247405014e+02 6.184822492112151338e+01 0.000000000000000000e+00 2.880778390885112117e+01 1.731462120469127797e+02 1.322639444073923869e+02 1.275506604880528556e+02 1.190074789739532690e+02 1.732984452076325965e+02 7.479148976578679253e+01 3.749965964765659976e+01 8.766781977622569855e+01 1.742255028207268026e+02 1.199309672733687506e+02 1.405649842027050624e+02 7.049268875397660850e+01 1.023691478050921546e+02 1.371021333773270499e+02 5.728636989880851615e+01 1.455766538417739753e+02 8.817976726547823318e+01 5.003602221640678493e+01 5.431376874147157707e+01 6.494798408654749267e+01 1.187748335232754471e+02 1.108210478967142052e+02 6.520296309967210391e+01 1.595622590860682806e+02 9.851444231846100763e+01 1.482653369059988506e+02 1.589700881789497089e+02 1.956447144920720689e+02 7.395300179871105684e+01 1.028228994138186039e+02 1.369076068114520695e+02 1.179302593097246046e+02 1.553372801518243023e+02 1.010760704406882979e+02 1.342602045338624528e+01 1.210427255123504011e+02 2.195166454344393117e+02 1.883799401960808666e+02 1.947208543056986514e+02 1.551500071541865395e+02 1.097541573586923960e+02 1.402160287112746460e+02 1.025454090982352824e+02 1.984244825147259803e+02 1.076742226079673515e+02 1.840392591798250805e+02 1.555681193628306573e+02 1.153037260908920558e+02 1.323448026058564153e+02 1.271830395616913876e+02 1.956565115847136269e+02 1.614728101511532259e+02 1.823566543757185627e+02 2.149071808646605746e+02 9.582561679513342767e+01 1.154308981485432071e+02 1.219758746472933097e+02 2.233142486093784953e+02 1.936787394340682340e+02 2.076321849273353735e+02 1.142214452260079867e+02 7.032070739851938868e+01 9.965051637563097131e+01 1.599861433522123946e+02 1.683420633294939535e+02
1.364019852318612323e+02 8.165094871240277996e+01 8.176697935117297789e+01 1.886429277039285637e+02 1.281539983966728187e+02 1.663952693549923083e+02 1.573197580776034670e+02 1.552854841608286165e+02 1.535640786199744241e+02 1.784472592290939588e+02 3.084646106905783469e+01 1.734860526828501008e+02 1.168763223243515057e+02 1.468706356255904382e+02 1.687525796986317062e+02 1.305077907186374944e+02 3.111637953199377193e+01 2.880778390885112117e+01 0.000000000000000000e+00 1.803844188938710715e+02 1.151008898512055367e+02 1.151212086652657689e+02 9.737972581400589434e+01 1.586915416608451608e+02 8.546936090126523311e+01 3.967801073849705062e+01 8.658424728955399985e+01 1.541570016477835452e+02 1.278741241106131667e+02 1.202814763866254850e+02 1.004973818225478368e+02 1.282012420826257824e+02 1.219480533236058761e+02 4.282817614801871287e+01 1.537746712458745719e+02 8.714324130880517316e+01 5.800460503071079899e+01 5.485219540470050958e+01 7.139195965999832083e+01 1.297211927271116565e+02 1.408966018168281380e+02 1.116630327575448405e+02 1.500694878567936996e+02 1.133046533359694763e+02 1.399980481467594302e+02 1.506864409906974345e+02 1.857364833405260924e+02 1.204956191493230904e+02 1.267821797559792998e+02 1.852157649864297184e+02 1.020259655912647787e+02 1.370332570503522049e+02 1.033384203665512331e+02 1.757993629580837336e+01 1.745558454131090684e+02 2.087087292482660814e+02 2.200482160097720339e+02 1.930247892830306853e+02 1.900381084747471334e+02 1.336624049322531107e+02 1.404638562004825246e+02 1.281681047259606885e+02 2.155769089354820096e+02 1.377120245685691202e+02 1.718003183068819624e+02 1.371018548313669783e+02 1.282153355849524985e+02 1.262337802512511757e+02 1.236888515089741816e+02 1.862065989672070998e+02 1.477891756828711607e+02 1.677849934092835156e+02 2.025112607825540181e+02 1.065654278393183603e+02 1.188707085969007693e+02 1.245934466669128540e+02 2.084775038746293490e+02 2.073168678946292971e+02 1.948366327856893179e+02 1.321949801649977303e+02 5.989591137571806456e+01 1.477154185201175380e+02 1.553487017822173755e+02 1.763790252403142631e+02
