0.000000000000000000e+00 6.964267444420771724e+00 8.860332104848258723e+02 7.214991289690421183e+01 2.389830885210614486e+00 2.356345720024055765e+02 2.092067951899926265e+04 2.938829446931496477e+03 1.869375340791454789e+02 5.789206103748387022e+02 9.394980229329151200e+01 7.940475785764539296e+01 1.518664137856785601e+01 3.650410247080682893e+04 1.671077148037351634e+01 1.166293924710932828e+01 2.100338074269169283e+03 7.381733726606627499e+01 4.227972573721674507e+02 7.193162482380867573e+01 4.771502104051553488e+02 2.590420419425721477e+01 1.942761261499877264e+03 4.769200314481547025e+02 1.555417796342995596e+00 7.037580594231937994e+02 3.077038087578335990e+02 1.123701687655593105e+03 2.809328321482470710e+04 1.733549319184412889e+04 2.636397307010213353e+00 4.435956118664923764e+01 3.301591164809503312e+02 6.380904763122653094e+02 4.566953468265806393e+00 4.511132891275130987e+02 1.410066536843776817e+02 7.055234956426795634e+02 4.669815575243181627e+01 5.635022820217214701e+01 1.034256517418250887e+01 1.364273413617140163e+00 1.282145420273587888e+02 1.408172005397878657e+01 8.090844053512165601e+01 1.146986026948045101e+01 3.540484087937956303e+01 3.881300120615655658e+00 5.740345947491894973e-01 4.909134573161981763e+00 3.427737087428949447e+00 2.393965495934911658e+01 4.170484965242398090e+00 1.619879148378493561e-01 5.838310484635601760e+00 5.266283598720647774e+01 1.832603592432228723e+01 4.737593134632156477e+01 1.358296974589870310e+01 1.930438596864414880e+00 5.391407251851573434e+00 9.309645843164177093e-01 2.161512202688842876e+01 1.898173514312240018e+00 2.351169070586277599e+01 6.263372920235251051e+00 8.027513813251142549e-01 2.711195832490921109e+00 5.435714430717905721e+00 3.732447693235934594e+01 1.767963924383282048e+01 2.410893589954847016e+01 2.442530479246453865e+02 5.088261380317105065e-01 1.995726089113077606e+01 7.221592982176002806e+01 2.544974166074945572e+02 4.476861451093558486e+01 5.588286612121162733e+01 4.901679608852240744e-01 7.528682322828632589e-01 5.856925750424148092e+00 2.027005058134057691e+01 4.868273248623131266e+00
6.964267444420771724e+00 0.000000000000000000e+00 5.928985902933178522e+02 4.083046272093323381e+00 1.335872052854793068e+01 1.702240329215860726e+01 4.746516684608854320e+01 3.212128222878951078e+01 3.084438988472113124e+03 1.315201072233497648e+01 8.494447379732777108e+02 3.134467615564917153e+01 4.522608667641650754e+03 4.545979501126678457e+01 1.572784585556312038e+02 6.064874875962924534e+02 1.247020641776122147e+03 1.174966942738765425e+02 4.405931542355164083e+02 4.702485872207174289e+00 6.947189982074081627e+01 9.031045074574743921e+03 3.480259216848072583e+02 5.935160730675849663e+03 1.432785306908108578e+04 2.756937556241177390e+03 5.269314160562913457e+04 2.481718461300916658e+02 5.031636108095479187e+01 3.808555624276209528e+01 5.660494960671018134e+02 1.437136250544505600e+01 4.316999098165020143e+00 5.949962816746751741e+02 3.585603486326090206e+01 2.838608079880267269e+03 1.832855706469458482e+03 2.546953374591754709e+03 1.108099854306620387e+02 1.063397250964193574e+02 3.745895426003796214e+00 2.436128556199855666e+03 7.863410528139513644e+02 6.573578133683864735e+02 4.988925831388705774e+02 8.103027807090693102e+01 1.656486918246670115e+01 1.748823827884759208e+00 1.840694494255219240e+02 3.451100702441422197e+00 1.339093187493066807e+03 5.809448658555745624e+02 1.332181907896023754e+00 2.184132944436589507e-01 2.387612846303897474e+00 4.056157012800122175e+01 1.284260719712752419e+01 3.153798605480771045e+01 4.171384448154716651e+00 1.824024633254594789e+02 1.730815548957533201e+00 9.430696444566273158e+02 1.948329995845913132e+01 1.705159353260781385e+00 7.561705960291585882e+01 3.675190532540629533e+02 4.752537481196367253e+01 1.803213451626384369e+02 1.564915045925006742e+00 2.829898209716104418e+01 1.342963162563788728e+02 2.265816877796201823e+02 1.155894437616607888e+02 2.832682872935465070e+02 1.609666316071760093e+03 6.800349909623679196e+03 6.376504821731786166e+01 1.374223684989343042e+01 2.767384374849735451e+01 2.684509134688195218e+02 1.445276681310052380e+00 1.184588018838007795e+00 8.183050596581142599e+01 4.014245866130871576e+01
8.860332104848258723e+02 5.928985902933178522e+02 0.000000000000000000e+00 5.672708059919487766e+01 6.064605453021966852e+00 1.163635823542961589e+03 1.446378954556720964e+04 5.587022922185176867e+03 2.996252304537660507e+02 1.016141512812019187e+03 2.031131749612700332e+02 5.920134626849062442e+01 2.993461522459983826e+01 5.426614472932230456e+03 2.109448084407931034e+01 2.602883292470388596e+02 4.468517408050406812e+04 3.819265291515429226e+02 3.150210126120516634e+03 3.518938992532195442e+01 1.080747795626900734e+04 2.669697219189565089e+02 9.768998354150622617e+04 1.112494026742030883e+03 1.903847802450322746e+01 9.146604176001339511e+04 1.161535534558997751e+05 7.577335273740341108e+03 1.375517009277366469e+03 5.488929647066582220e+03 2.478126300421489958e+01 3.248221172491076914e+01 9.934206174798072198e+01 1.921807189620338477e+03 2.186837762377254535e+02 1.377453885881101633e+04 1.011962600256037513e+04 1.082352282897184523e+04 6.929510965566726099e+02 3.166828310609243431e+02 2.529076129809306650e+01 2.420267317648146399e+00 2.694080023178401461e+03 1.155419469705375832e+03 1.532582556738879930e+03 3.259752672092740227e+02 9.571058531790781387e+01 7.293603878966562704e+00 2.876244050625023529e+00 2.864810601395026879e+01 9.086312485425335126e+02 7.689391086642073788e+03 3.864995901144234303e+00 5.583688292723552049e-01 2.014626182274074395e+01 4.978202720363618710e+02 1.415824367329383335e+02 6.171572464732987129e+01 2.683890559056382230e+01 2.192547742185319137e+01 5.568000968303650211e+00 2.148088640481423539e+01 1.982715990974075453e+02 5.154043539352477943e+00 4.385365865707397575e+02 2.132669055161259621e+03 5.807165566157004122e+01 4.423780556061844891e+02 4.814948844871703493e+00 2.598125069499205892e+02 3.667144990615594224e+02 3.562018847883753551e+03 4.635854420568343244e+02 3.211045854604168426e+01 3.138073216304486778e+03 1.859266855290203603e+04 4.501879480749558411e+02 7.021594305940114111e+01 2.260655660110863892e+02 2.083856835803788243e+01 1.002938960597014040e+00 6.913682727582135534e+00 2.301515998867476753e+02 1.978776619889553956e+02
7.214991289690421183e+01 4.083046272093323381e+00 5.672708059919487766e+01 0.000000000000000000e+00 1.352441054028120675e+02 2.123406758857627665e+03 1.680939651299965590e+03 1.010584836030708743e+03 6.688716538211646366e+03 3.650545879428100307e+04 7.096967771123549085e+01 2.482229831208962423e+04 5.087637353452147693e+01 8.855690562684254701e+02 1.685453380967059729e+03 2.598216169427154831e+00 2.359624599869463779e+01 1.583396790991922920e+01 1.217335878866872889e+01 1.306980051589164359e+05 1.410348652286134730e+01 1.303744443444309731e+01 3.289808026028286747e+01 2.170764474954563411e+04 2.604885482845033184e+00 5.598521399050002145e+01 4.877666836208219081e+01 6.689619423002611438e+04 1.256505948739617452e+03 5.888487323161902509e+01 3.422019023120782766e+00 7.084414505554232733e+01 8.234586356572664556e+01 4.412520867024637141e+02 8.606087944023548175e+01 2.844283102441992014e+03 3.835111183134993240e+01 1.872348237152255251e+03 2.330468744657032119e+02 2.151493157907504155e+03 1.117493644534022934e+02 3.282396534407974187e+00 3.177078289878026567e+02 7.630188610143722627e+00 3.568413978174423846e+02 2.475715087684476501e+01 4.017060745390357397e+02 1.987566713396531171e+01 2.824092307079369757e+00 7.728183766592080062e+00 3.708846240476438183e+00 5.490706669297187759e+00 1.377433620938639706e+03 1.204947993128922334e+01 3.586137268550077124e+02 4.604234966596980030e+02 2.356662818285310266e+02 8.809393052918705962e+02 2.504550400930984779e+03 1.459975135436483207e+01 1.075865691267798638e+03 1.748720698504690807e+00 1.317373942369868018e+02 9.166176277359200242e+01 5.262927723291573656e+00 1.466664597619870669e+00 2.612875748515888219e+00 1.162129016514796387e+00 1.340114430333455630e+03 7.035248746120246643e+00 1.147134955965789338e+01 9.585439441158513318e+00 2.501390004839449375e+03 7.443857644014297836e-01 5.714918081927451432e+00 2.077233396588237468e+01 3.314042180382047263e+03 1.391878259831173352e+02 2.210967291544197622e+01 6.552188393796325450e-01 7.728783409363904511e+00 1.035881304469457831e+01 9.288435839910036407e+01 1.859070088762766204e+01
2.389830885210614486e+00 1.335872052854793068e+01 6.064605453021966852e+00 1.352441054028120675e+02 0.000000000000000000e+00 2.490101584977177481e+03 7.316809515212752046e+01 1.702830028423837803e+02 4.245297063161233382e+02 1.789636035972719696e+02 2.926148108997542252e+01 5.450611425745258884e+02 5.511875025491426072e+01 3.148843640548408374e+01 5.372953702805832108e+03 1.559549427051453163e+00 5.730225087711765752e+00 3.862097680283959722e+00 3.213345492892204724e+00 1.272306630709368704e+02 4.434529743813405034e+00 2.824192107306544131e+01 1.117583774402262975e+01 4.801299697553276360e+02 6.547752292596610069e+00 1.203133821170421136e+01 5.191305314640330693e+01 1.958055899826964037e+02 8.027087391434581320e+01 8.819304332421843640e+00 1.607645958510174111e+00 1.906885136250553614e+03 3.559812871248099420e+00 2.270419466548987202e+03 1.582338457994779901e+02 2.754658183154976427e+02 6.886800566315651295e+00 2.494230833455635548e+02 4.896178703414406641e+01 1.422354680091659066e+04 3.924621963588675044e+03 3.029436099700107743e+00 1.121111177230716471e+01 1.383638263659872081e+00 6.827776119701422175e+00 3.873912911563162531e+00 1.407770225272816411e+01 4.469588400831647768e-01 6.304506940826488659e-01 2.022911351957139003e-01 5.001465134749746300e-01 6.990094014034149428e-01 1.042000300618493647e+01 2.760226831029934491e+00 4.722218263339085453e+00 5.632444337712731119e+00 2.867355157729166937e+00 9.127546721734818291e+00 1.802728141830985109e+01 2.884537358762352399e-01 1.621193334160336974e+01 7.448484846361124179e-01 1.922865701613912126e+00 5.448370452842135059e+00 1.356290859534482252e+00 2.039516783443985348e-01 6.097287641968696797e-02 1.107872774456716697e-01 1.222514232237627496e+01 1.452441454009645305e+00 1.572532059964101059e+00 1.878108716960166014e+00 2.937798813936436915e+01 2.007217682660764890e-01 1.049817811038084026e+00 3.729709997108787700e+00 3.084378271328795407e+01 2.325143519670340719e+00 1.657327719592744275e+00 1.609332487651496946e-01 1.351343891233395544e-01 2.504783548367251478e-01 1.697678169987763663e+00 7.639254062602853423e+01
2.356345720024055765e+02 1.702240329215860726e+01 1.163635823542961589e+03 2.123406758857627665e+03 2.490101584977177481e+03 0.000000000000000000e+00 1.864968498030264891e+04 3.919676331745002972e+04 1.993463554621577941e+03 9.480432345623607398e+04 4.488971325949878519e+02 4.879161110577501677e+04 3.363638874109573180e+02 4.501789678051100054e+03 8.958581452433736558e+03 6.739549782739323369e+00 5.700869872414951942e+02 1.130884142208630863e+02 1.989596450235433736e+02 4.600680703741236357e+03 3.614741178462269886e+02 3.456055937227170460e+01 9.498199775268697067e+02 2.360027710160366496e+03 1.329493177762836353e+01 8.605723884922304023e+02 3.204080140691748966e+02 1.168643458309321613e+04 2.387843956339245324e+03 6.535009466729536598e+02 2.128670811729066514e+01 2.414660517576279744e+03 9.921052293405411149e+01 1.608737008498504565e+03 9.813851760010810210e+01 4.287789789999575078e+03 1.464079428819144653e+02 4.772448127042317537e+03 8.573102562895056735e+02 1.714752591070147537e+04 3.008218640036586748e+03 3.204860269620919411e+01 3.873699144434586970e+02 2.141637517597265372e+01 3.860192013748322211e+02 3.843933160153164152e+01 2.632396397606202640e+02 2.200065708783021989e+01 7.622625618793402502e+00 1.406531904408126898e+01 7.582971292031798427e+00 3.457073987386409186e+01 3.803329549786581083e+02 5.425192171525043960e+00 2.298663133390010671e+02 4.451813182980391730e+02 2.640107562905474197e+02 3.083291591243379344e+02 9.893746781860756982e+02 1.747633170367805988e+01 4.298190243930953329e+02 6.070016067422878692e+00 1.554225870008111769e+02 4.163858185247251242e+01 1.897085202051575692e+01 9.531210708447321878e+00 3.452086757683450191e+00 3.453801118511303336e+00 4.364584246001235783e+02 2.313085611371477768e+01 1.947887180846208111e+01 4.473173333218522885e+01 1.559582563721412271e+03 2.132006163999533133e+00 2.353795442503349022e+01 1.025804565586292085e+02 1.752383458029521535e+03 1.697530916771881095e+02 7.954459131487236334e+01 1.914478143347296824e+00 7.672581956303043960e+00 1.599634801174045329e+01 1.015393517347088306e+02 2.215146976001323509e+01
2.092067951899926265e+04 4.746516684608854320e+01 1.446378954556720964e+04 1.680939651299965590e+03 7.316809515212752046e+01 1.864968498030264891e+04 0.000000000000000000e+00 3.644077953601322224e+04 2.417283865521193093e+03 7.990571981000907545e+04 3.859055307315223331e+02 1.468777082987215181e+03 1.724071064680624943e+02 6.803699957123711647e+04 5.517846318858634049e+02 1.205934072191927839e+02 4.218935731955223673e+03 1.804138686445108704e+02 7.710380907380086910e+02 7.372804853343279774e+02 7.980207792095317927e+03 1.724924708253069241e+02 1.405419215351153252e+04 1.164022177557434588e+04 1.052261587807517174e+01 5.911049583276878366e+03 3.620215669233973586e+03 2.035939777111396252e+05 1.560581640689202140e+04 6.295329273087708862e+04 1.944289316607128981e+01 2.839582417786691053e+02 1.668536699702006899e+03 3.466246698888946412e+03 3.759869479366928431e+02 1.638873952034897957e+04 1.330858867028735176e+03 1.364187692462602536e+04 1.780077084942437295e+03 2.460475245922576050e+03 3.907975176496680092e+02 1.136983697543478300e+01 1.486229470920334961e+03 1.276168103899166084e+02 1.155765246770715976e+03 1.447863919446612613e+02 5.243978302766183788e+02 6.090240501305859766e+01 6.816864157197581875e+00 4.660649864814084253e+01 3.949680351049277505e+01 3.760662528632552721e+02 3.288048244264475102e+02 3.428076903170840684e+00 2.211290440094888652e+02 1.091889812345945074e+03 3.999957073858399212e+02 6.321631329241831736e+02 9.283022371413981091e+02 3.567468662567578974e+01 2.846605315129847895e+02 6.963914353186916983e+00 3.271560442418429488e+02 4.117081834275251850e+01 2.410981331897389452e+02 9.310669836193133619e+01 1.019653904195044447e+01 2.454770236436728581e+01 3.697341219891408173e+02 2.163144936013753181e+02 1.280674821321751722e+02 6.116972534833630561e+02 3.521368538866756808e+03 3.510434928916062347e+00 1.710668783278791807e+02 1.118970274310544710e+03 3.925465057527715089e+03 4.947122180014848709e+02 4.256635953134032775e+02 3.644840961618788011e+00 1.426351862787061364e+01 5.695503267757831622e+01 2.795949881691651626e+02 1.281766564857807964e+02
2.938829446931496477e+03 3.212128222878951078e+01 5.587022922185176867e+03 1.010584836030708743e+03 1.702830028423837803e+02 3.919676331745002972e+04 3.644077953601322224e+04 0.000000000000000000e+00 1.202945697959099562e+03 2.993110492032542243e+04 6.086859485124516596e+02 7.284770636857087084e+03 3.086234648524006730e+02 5.333348659720280557e+04 7.244434094868837519e+02 2.624670183656701639e+01 5.334489091351324532e+03 2.970046645816344153e+02 1.368535914820090966e+03 2.271381203983277828e+03 1.741747110118987393e+03 6.556799817468710501e+01 6.490034908733797238e+03 3.067144712723649263e+03 1.480802407054005165e+01 3.958553962177094945e+03 1.299262078979639909e+03 7.177207569290118954e+03 3.730032454685838275e+03 7.968926496785366908e+03 2.211021024269662760e+01 2.097539800128340630e+03 1.586826457906870189e+02 1.742866220023582628e+03 5.326858950519257974e+01 3.689132105590013907e+03 4.846842817279753604e+02 4.159501985098905607e+03 9.355065262803796031e+02 4.466033675188869893e+03 1.056856308497004420e+03 3.627467739170144512e+01 8.351474603427823240e+02 5.795829720265546570e+01 7.333238020019546184e+02 8.144890674857576585e+01 3.520003267353696970e+02 4.077498288243819502e+01 8.931590498670651357e+00 3.647020870940700377e+01 2.157544180452823568e+01 1.400058093565664592e+02 1.925375294398729977e+02 2.930195591783827158e+00 1.825693968142863355e+02 8.157466475321608641e+02 4.339063022913446730e+02 4.063108653957486922e+02 6.137759368854343620e+02 2.962353360861729712e+01 2.167663377911611633e+02 8.545175560169917972e+00 2.972292916555883266e+02 2.854597580307608240e+01 6.156731202720077079e+01 3.586822165770895054e+01 6.481005833729816423e+00 1.278419912290421223e+01 2.288137614589398083e+02 8.225901261552883170e+01 5.425952719119703715e+01 1.400022587919880550e+02 2.469956098927566927e+03 3.943357315431734733e+00 8.411624960198903977e+01 3.966392668630856519e+02 2.397905138096649807e+03 3.472690021870432133e+02 2.641405055195662612e+02 3.214055717902578380e+00 1.298857420441830968e+01 3.569062533376703072e+01 1.880888019982227206e+02 3.444209280798010298e+01
1.869375340791454789e+02 3.084438988472113124e+03 2.996252304537660507e+02 6.688716538211646366e+03 4.245297063161233382e+02 1.993463554621577941e+03 2.417283865521193093e+03 1.202945697959099562e+03 0.000000000000000000e+00 6.121295003531199654e+03 2.728031304378988011e+02 8.413658170199565575e+03 9.045746744711118481e+02 8.790742388127715685e+02 4.940192242278623780e+03 5.386516762282817581e+02 3.929645100744476736e+02 6.375803272864621363e+01 1.521794522656187212e+02 4.439651365371969405e+03 3.364322615242307961e+02 1.375959993216561452e+04 5.458898229288827224e+02 6.861315437158229179e+04 1.804147947700217173e+03 9.685298190030797514e+02 1.057103225182984897e+04 1.259377514415789483e+04 1.705116244680685895e+03 1.525946657511667809e+03 1.701297307134433936e+02 8.543687716537409926e+01 3.265461884543774431e+02 6.266313928037407095e+02 1.067996135244703595e+02 4.927938749466617992e+03 6.051385400674146240e+02 2.421406149055348578e+03 5.568884357053193526e+02 6.281961360978956691e+03 1.411159578685737586e+02 3.414690526561657293e+02 1.176666888597740581e+03 2.206520438045073433e+02 7.893117575513898601e+02 1.382560462233841747e+02 4.816545463562391092e+02 4.116608942331401977e+01 8.205487141211511926e+01 6.249819193702594333e+01 1.263250951230715771e+02 2.640972521096847458e+02 7.767698776094017603e+02 1.086610657291807236e+01 2.274378324748224429e+02 8.277424388668529218e+02 2.842127904142923285e+02 2.722425491328736825e+03 1.369582100885555974e+03 8.299604114910978581e+01 6.177182525030177658e+02 2.669593363249567801e+02 2.835359333022195187e+02 8.331526333938359130e+01 3.972748077020333994e+02 1.104932888905333925e+02 3.236037318651463579e+01 8.807063455324454537e+01 6.738582957990230398e+02 2.725112821501531357e+02 4.280499051218010322e+02 4.465807996952609642e+02 5.018829752923111300e+03 1.008545909034408652e+02 5.805572241244707357e+02 1.562430913046296610e+03 3.742043214215708304e+03 4.801886668153249502e+02 4.938192795257280068e+02 8.069233370491653545e+01 1.060061302921574544e+01 5.468359318455313201e+01 2.065717141960836614e+02 7.039052293879591105e+01
5.789206103748387022e+02 1.315201072233497648e+01 1.016141512812019187e+03 3.650545879428100307e+04 1.789636035972719696e+02 9.480432345623607398e+04 7.990571981000907545e+04 2.993110492032542243e+04 6.121295003531199654e+03 0.000000000000000000e+00 6.136086892581289476e+02 5.402551304596765112e+04 2.935674792121455425e+02 1.695746763620370984e+04 1.404439084633558423e+03 9.045615976536350189e+00 3.577896367640631752e+02 1.520749385830513347e+02 1.585518265256266659e+02 6.828047456156663247e+04 3.078979804755775831e+02 2.572510341865242012e+01 6.927981057951025150e+02 5.039957251794379772e+03 1.307331065438735251e+01 7.501070633134074797e+02 3.332471010606949449e+02 7.511833111105333955e+04 9.510016843702287588e+03 5.353525895838145061e+02 2.791844118182446621e+01 4.786029626966281967e+02 2.680627556895943826e+02 3.452421899300415134e+03 3.711520833222539295e+02 1.532318485585333474e+04 2.656775592244734412e+02 1.370296826291012076e+04 1.260172066944078324e+03 4.225027067345115029e+03 7.942627601024450996e+02 1.884774168989840604e+01 9.802558121340100570e+02 3.451742147440743480e+01 1.146417171172541430e+03 8.807871155063058666e+01 7.976582510373015111e+02 6.282340527619146542e+01 1.076749973783067915e+01 2.782293763969354572e+01 1.045798213698302170e+01 3.757011528751652918e+01 2.371265786172098615e+03 1.777239791494645971e+01 9.166590013561544765e+02 1.375009400130817767e+03 8.114969064027070544e+02 1.390722826074149225e+03 6.075134268868481740e+03 4.764101874739121456e+01 2.006578403202781146e+03 8.085039034960376014e+00 4.300857426007462436e+02 1.495133438048089261e+02 2.417246223849475939e+01 9.666085807381161743e+00 7.854360802101481909e+00 4.776183819391165208e+00 2.634605804509607879e+03 2.983069364753118791e+01 3.308653595527266589e+01 5.466953174337080412e+01 5.660204432791148975e+03 3.049599777513249066e+00 2.918834177244240990e+01 1.211654686053467458e+02 7.498438413196953661e+03 4.596209690124176177e+02 9.379334309666779745e+01 2.348555588038863551e+00 2.267807955360336791e+01 3.704937159836671867e+01 3.042304831533105585e+02 8.870129834392648149e+01
9.394980229329151200e+01 8.494447379732777108e+02 2.031131749612700332e+02 7.096967771123549085e+01 2.926148108997542252e+01 4.488971325949878519e+02 3.859055307315223331e+02 6.086859485124516596e+02 2.728031304378988011e+02 6.136086892581289476e+02 0.000000000000000000e+00 7.453439631370412144e+02 8.056283141285807687e+03 1.426749940631458003e+03 5.402605998768548545e+01 4.358958608156936521e+01 3.035989722217495910e+03 2.799197099636514031e+04 1.279502636356243602e+04 2.086954022733648912e+02 3.049469468723057162e+02 2.695929207347190868e+02 6.926447082070218357e+02 2.894815399793113215e+02 1.721092874721831549e+03 1.847552209011694140e+04 3.840897587258136355e+03 3.208319022912983201e+02 2.180247754976362103e+03 2.670345437114595484e+02 2.085117619814538557e+03 1.012062168020446620e+03 3.953439036273652363e+01 2.017870268744041459e+04 2.469540698556763303e+01 2.372421484172572036e+03 1.247165525889248602e+04 2.528964391123137102e+04 5.380924841911929661e+02 3.078940316570032678e+02 6.754171167496282635e+01 2.437602337236408403e+03 1.290032903477074910e+02 1.659943789261066968e+03 2.574463552257437868e+02 1.731184249706329226e+01 2.307570475110202679e+01 1.825747751278482323e+00 7.210689571076137554e+02 2.021270485858249089e+00 3.169675166296161706e+02 3.635992683026061911e+01 4.367407946146218300e+00 5.126722537598032980e-01 5.093815955614587665e+00 3.780217040560807362e+01 1.207941095479734450e+01 7.854026318161160702e+01 1.340018912295627018e+01 7.793081623972791476e+02 7.606934584496887197e+00 3.475028922025868724e+03 1.593868703544139898e+01 4.230737422017535110e+00 1.709721485406729968e+01 2.414133257685573142e+01 2.038841776616824006e+02 6.814245469072821493e+01 5.877968917511831037e+00 1.091614500333549032e+01 7.845208764622924491e+01 2.837316193153523969e+01 1.773757622474318225e+02 6.546961198704258322e+02 1.427164489382771080e+03 2.149236856196412646e+03 1.151474767726318049e+02 2.855961098524795361e+01 1.883711146004260684e+01 9.011289080909672293e+02 9.192160344237734648e+00 1.741393632266172276e+00 1.013143681674626180e+02 1.258325119346949705e+01
7.940475785764539296e+01 3.134467615564917153e+01 5.920134626849062442e+01 2.482229831208962423e+04 5.450611425745258884e+02 4.879161110577501677e+04 1.468777082987215181e+03 7.284770636857087084e+03 8.413658170199565575e+03 5.402551304596765112e+04 7.453439631370412144e+02 0.000000000000000000e+00 3.958891977538063998e+02 4.631437771609425909e+03 8.068118416033466929e+03 1.968741418108059360e+00 6.613530461848921504e+01 1.679951785743426456e+02 1.048863763893295982e+02 7.637424512264358054e+04 1.898959317852737172e+01 6.248836681413802552e+01 5.748244600341578092e+01 8.943655654012112791e+03 2.501602916118635633e+01 3.009931087588808509e+02 1.888039222191473527e+02 1.242925205028415803e+04 3.498535866332168098e+03 1.011292567676419623e+02 3.659682019912892770e+01 6.656738337390552260e+02 3.186687156525766795e+01 2.300358069607482776e+03 3.063032598064773424e+02 6.489780737910034986e+03 1.230662759040001788e+02 7.826388057932921583e+03 6.307323556915019935e+02 1.066472572107835185e+04 5.367787084298528271e+02 2.901719653459301540e+01 3.253953991347247552e+02 1.484962275170596513e+01 3.164328147600410830e+02 2.685770072752882598e+01 5.082092987022202237e+02 1.860903374324938397e+01 8.272205431332254832e+00 7.651548362632466294e+00 5.131056183215918942e+00 5.072608204385277375e+00 1.025777007111242710e+03 1.751703353755792847e+01 3.529262749135304489e+02 3.490710269753530497e+02 2.161104124323008193e+02 5.804736746771890239e+02 1.909247639970870523e+03 1.579310403392193507e+01 1.295625015145938960e+03 8.706305153753348236e+00 1.222906449029589879e+02 1.134920845094759727e+02 6.404126739995494866e+00 1.737762449672267673e+00 2.981860582748795618e+00 1.706834610119746687e+00 1.094207902224845839e+03 8.803202454261718657e+00 1.289431939265530502e+01 1.042039586233485338e+01 1.697891829355450227e+03 2.761819744299931045e+00 1.417210511221627556e+01 2.895770837076150528e+01 2.227652530889621175e+03 1.265752783590441339e+02 2.939763671247063215e+01 2.619950311787568875e+00 8.077213655839299733e+00 1.025888507929956894e+01 8.478309940130087341e+01 2.439185523443920545e+01
1.518664137856785601e+01 4.522608667641650754e+03 2.993461522459983826e+01 5.087637353452147693e+01 5.511875025491426072e+01 3.363638874109573180e+02 1.724071064680624943e+02 3.086234648524006730e+02 9.045746744711118481e+02 2.935674792121455425e+02 8.056283141285807687e+03 3.958891977538063998e+02 0.000000000000000000e+00 3.692634860412330227e+02 7.823874183856187869e+01 2.288093978016619445e+01 4.212825114616922662e+01 2.940088036011548525e+02 8.896369615605303238e+01 1.186085449159904641e+02 3.028004458876931793e+01 1.333062950704678542e+03 5.516111112721026899e+01 8.090060958021480246e+02 1.648700261392046741e+04 1.807458325386066235e+03 1.885965532311548304e+04 2.188061864444024991e+02 5.383020667397292982e+02 5.339621827952611000e+01 4.690635233405175313e+03 6.595443595505254279e+02 3.243598505152259115e+00 3.020010388496328233e+03 2.269022391868624595e+02 4.208596192965585033e+03 5.337185876764404384e+03 6.113777266205324850e+03 3.837446283923184637e+03 8.008346161848990050e+02 1.454161193844865920e+03 4.345504016855738882e+03 6.387405219340969325e+02 3.287631148496346214e+03 5.913674929018802686e+02 2.826552792163980712e+02 1.285464307092937020e+02 2.371408136898924468e+01 1.476095159824220900e+03 2.555881573724898548e+00 7.736381782468527035e+02 1.533044062025228094e+01 1.061011030833432578e+01 1.768120980395633035e+00 1.479280615952933609e+01 4.449423618835817962e+01 2.602551186831703589e+01 1.532474432622361462e+02 3.355370184993667948e+01 1.653356725390663541e+03 2.199272547100380137e+01 9.808705113344378333e+03 3.502167413697880249e+01 1.147659963883791789e+01 1.161520162065317763e+01 2.075016413729661480e+01 2.820854283516953842e+02 8.305974145478504056e+01 1.685271826258320615e+01 8.932388114264815826e+00 1.966736331987532935e+02 1.678607223861536468e+01 2.201534570275028670e+02 2.185823724741104343e+03 2.528502875241029869e+03 4.927703240222384011e+03 1.162784212032226208e+02 5.553413147514412884e+01 2.231814911409168545e+01 2.223555210225597421e+03 2.338733284477215690e+01 1.716783052568982448e+00 2.414872779758682668e+02 1.113694631462264226e+02
3.650410247080682893e+04 4.545979501126678457e+01 5.426614472932230456e+03 8.855690562684254701e+02 3.148843640548408374e+01 4.501789678051100054e+03 6.803699957123711647e+04 5.333348659720280557e+04 8.790742388127715685e+02 1.695746763620370984e+04 1.426749940631458003e+03 4.631437771609425909e+03 3.692634860412330227e+02 0.000000000000000000e+00 2.508564820325488540e+02 3.627808386827729947e+01 7.630111772434555860e+03 5.264506507653909466e+02 1.827429024887540436e+03 1.788218703229412085e+03 2.037590718096191040e+03 9.037896524586115277e+01 8.283213709189425572e+03 2.284438160636641442e+03 3.033271381052056626e+01 4.168957283508587352e+03 1.570529362448556412e+03 6.625794436785958169e+03 3.511685191889340786e+04 2.429563789538329365e+04 4.844808700621887709e+01 1.311648191674784584e+03 2.940234277970661765e+02 3.561536854325301192e+03 4.654457683253819766e+01 3.773813545370785505e+03 6.213253361197413369e+02 5.733561112640864849e+03 7.161947805167573051e+02 1.763631880567521875e+03 5.728046251871973027e+02 4.162200594388755093e+01 6.277958104205738437e+02 6.840328289642455672e+01 4.686328995154921699e+02 5.912545930598951571e+01 2.224972079687817086e+02 2.447267865143763643e+01 9.963190645093371600e+00 2.740623322482321811e+01 2.114728101279325401e+01 1.333783961054435849e+02 7.616267728374641877e+01 1.327352700149937004e+00 6.907700679852703729e+01 4.429197566514561686e+02 1.736967466751671054e+02 2.571675034956567742e+02 2.282992316806012525e+02 1.427941687556968375e+01 8.525863178664711484e+01 1.683997051562093716e+01 1.577152368059963123e+02 1.481222161510188151e+01 8.076855613781009424e+01 3.296208162383668849e+01 4.515697521331963671e+00 1.299879433757560321e+01 9.062062766603223452e+01 1.189518740315156435e+02 6.206311395443548662e+01 1.284697964558365868e+02 1.519462486687093815e+03 6.238277786495578958e+00 1.034642392969814892e+02 4.066483241316809085e+02 1.502488865041979579e+03 2.410561471803742677e+02 2.598345813733187697e+02 6.021549508526066852e+00 5.610699692349524703e+00 2.713618901170742603e+01 1.153526532462068417e+02 2.594692045966531069e+01
1.671077148037351634e+01 1.572784585556312038e+02 2.109448084407931034e+01 1.685453380967059729e+03 5.372953702805832108e+03 8.958581452433736558e+03 5.517846318858634049e+02 7.244434094868837519e+02 4.940192242278623780e+03 1.404439084633558423e+03 5.402605998768548545e+01 8.068118416033466929e+03 7.823874183856187869e+01 2.508564820325488540e+02 0.000000000000000000e+00 1.365927769255106661e+01 2.966611911838601401e+01 1.127416904426304356e+01 1.162610550287422839e+01 1.415910604832088893e+03 6.139307910137495128e+01 3.732024441901285741e+02 6.297842009758493731e+01 6.417548266466084897e+03 7.842643852448387065e+01 5.781430962169246612e+01 6.234833143851844852e+02 2.341598009322991857e+03 2.977539876969377133e+02 8.346406637773772275e+01 9.412441844118248468e+00 7.001407689833716859e+02 3.884657751688152416e+01 2.176457343325113811e+02 5.790376200376991846e+02 1.728651482767530979e+03 4.765505205567475144e+01 6.415603744699886875e+02 2.186273809644447113e+02 1.780226042352204968e+04 4.485424324754696954e+02 1.511270588383932711e+01 1.312033984416989085e+02 1.024851641823911308e+01 5.850109324770368602e+01 1.935915516292213567e+01 8.769864546478174816e+01 5.010122090502149739e+00 2.585155494292830092e+00 2.175909311566383231e+00 4.693853656406615116e+00 6.516305583791368150e+00 8.119972042350252650e+01 5.736811030043917903e+00 3.491307582027593526e+01 5.188757774795696065e+01 2.413205913259724866e+01 8.211374206214573235e+01 1.406432013770197500e+02 3.386125182251261911e+00 1.104580952766214921e+02 7.974482063787758257e+00 1.720411564696366469e+01 3.041776775713938719e+01 1.525722043821766150e+01 2.476768316926470259e+00 7.704400738902912327e-01 1.339702360246591617e+00 8.753076720590803461e+01 1.561913972193268485e+01 1.770959807334432057e+01 1.293645935193368501e+01 2.586381469067494550e+02 1.810981805081580021e+00 1.306509227967186426e+01 4.010546025817941285e+01 2.701840500320598721e+02 2.439289711941579242e+01 1.692711483076879020e+01 2.336090595688030014e+00 1.079995045312650559e+00 2.746518327912707225e+00 1.426796467556695269e+01 2.733115638427863701e+02
1.166293924710932828e+01 6.064874875962924534e+02 2.602883292470388596e+02 2.598216169427154831e+00 1.559549427051453163e+00 6.739549782739323369e+00 1.205934072191927839e+02 2.624670183656701639e+01 5.386516762282817581e+02 9.045615976536350189e+00 4.358958608156936521e+01 1.968741418108059360e+00 2.288093978016619445e+01 3.627808386827729947e+01 1.365927769255106661e+01 0.000000000000000000e+00 6.065161680009904330e+02 2.817954237455395372e+01 1.605580235488475580e+02 1.341723108272643517e+00 2.366421300028048063e+04 1.924227208906413944e+04 3.364719191810955817e+04 1.196254135912567654e+04 4.966666670994014510e+01 4.907686476468090859e+02 3.199962462159047936e+04 6.464311234345690536e+03 9.920348966434882243e+01 6.713578751788397767e+02 5.726910252043396099e+00 6.053390369673443683e-01 3.416486942008802430e+01 4.462118411572116088e+02 1.436578189645223631e+02 1.396547502972582333e+04 2.770493047966851009e+03 3.901718387826328126e+03 1.303746371019778735e+03 5.060736030859172843e+02 9.321116498302501441e+00 4.907189762649262654e+00 1.846255585943437609e+03 4.804699136324749134e+02 8.809453691629088325e+02 4.559682646757098610e+02 1.553991409971076223e+02 4.967076918805481078e+00 3.011788670025813186e+00 3.249301877496348823e+01 1.144577378079390115e+02 5.248016023443763061e+02 2.571597831852876492e+00 8.909880069031077543e-01 1.077567862272262644e+01 2.618672770030748893e+02 5.881876151267510267e+01 9.332454875819622941e+01 1.617163758260808848e+01 8.256430374152341045e+00 4.168306540417822781e+00 5.703760358235638428e+00 1.040823077911214511e+02 1.164876142753537280e+01 1.579163496824222057e+04 1.566637773240827585e+02 1.050398790251677283e+01 4.376048968130616146e+01 2.657256928712699029e+00 4.158968794412616262e+03 3.957394230223537306e+03 1.559487920191661942e+04 2.050474202602836158e+03 5.203697643784960469e+00 1.640790775264904084e+02 5.684440459493884191e+03 1.647128037360861072e+03 2.368571650587069826e+02 1.126223268691977182e+03 3.037114453315735041e+00 7.242243926236583418e-01 3.731845953223432133e+01 1.597697235383425607e+02 1.278273087655662721e+02
2.100338074269169283e+03 1.247020641776122147e+03 4.468517408050406812e+04 2.359624599869463779e+01 5.730225087711765752e+00 5.700869872414951942e+02 4.218935731955223673e+03 5.334489091351324532e+03 3.929645100744476736e+02 3.577896367640631752e+02 3.035989722217495910e+03 6.613530461848921504e+01 4.212825114616922662e+01 7.630111772434555860e+03 2.966611911838601401e+01 6.065161680009904330e+02 0.000000000000000000e+00 3.361910620896470846e+03 4.310326867636448151e+04 2.963846419952857403e+01 5.453584926414830989e+03 6.427569514729225375e+02 4.912538552483821695e+04 1.451072096546402463e+03 4.136515800138568011e+01 3.989336883793264133e+04 4.661092682837217581e+04 2.412547721336924496e+03 7.235559132642920304e+03 1.195521190953446421e+04 3.724433802223889245e+01 4.992122830372706943e+01 6.346602824526228233e+02 1.825187965558497672e+04 7.716094724465706634e+01 6.927317637102106346e+03 8.829152766593759225e+03 1.402054753005079328e+04 4.327173065118349200e+02 1.766080904864581669e+02 1.519087292681074430e+01 3.410660199469821574e+00 1.210654031179873755e+03 6.630853263166110310e+02 7.231725055479699904e+02 1.313171108034955523e+02 3.917427541199763397e+01 3.271134070074482203e+00 3.092013795702320600e+00 9.416314470293414729e+00 6.474227845917272361e+02 2.545432291636345326e+03 1.475320354160989167e+00 2.069304049204868934e-01 6.219174171974704457e+00 1.510199584812495459e+02 4.150028964487989924e+01 4.031034468378231139e+01 8.362449928263949062e+00 1.643111693056146194e+01 2.213912512599283122e+00 3.263812931049022126e+01 5.724070903463348259e+01 2.263874451407961175e+00 2.376670834709125018e+02 1.023240356553493029e+03 4.940086949725819210e+01 3.823841977694042384e+02 1.964775507446307357e+00 1.510684874406286156e+02 1.776690135117928833e+02 9.383687600136562423e+02 2.404591315543385690e+02 3.933701508523552093e+01 2.783870992266201483e+03 8.959123650400975748e+03 2.080114056769639888e+02 3.182558126052853353e+01 1.079012430145292569e+02 3.239570812353282747e+01 3.921942962582703474e-01 4.188468156251937913e+00 1.108143881931236621e+02 7.185002974721656699e+01
7.381733726606627499e+01 1.174966942738765425e+02 3.819265291515429226e+02 1.583396790991922920e+01 3.862097680283959722e+00 1.130884142208630863e+02 1.804138686445108704e+02 2.970046645816344153e+02 6.375803272864621363e+01 1.520749385830513347e+02 2.799197099636514031e+04 1.679951785743426456e+02 2.940088036011548525e+02 5.264506507653909466e+02 1.127416904426304356e+01 2.817954237455395372e+01 3.361910620896470846e+03 0.000000000000000000e+00 2.351021331214390375e+04 4.916458129271580191e+01 2.035492735473403627e+02 4.247697051847057281e+01 5.043000858010000229e+02 7.931388192550771521e+01 1.968985778456470825e+02 2.349206668736991560e+04 3.232495073447884351e+03 1.193839052858056533e+02 6.320151493509863485e+02 2.501937473059269905e+02 3.899693149110503896e+02 1.441618783654490983e+02 3.196538189446470568e+01 4.040831845010902271e+03 2.878985682674654001e+01 3.366861878081302166e+03 1.084558701193281377e+04 1.344824667723659149e+04 4.621817447108447823e+02 7.395065546014886593e+01 7.569035907934425822e+00 9.450002372477464974e+01 1.253688887042984135e+02 4.184819283356522419e+02 1.515265913452312532e+02 1.695580655818532279e+01 5.691801733423949905e+00 4.060715743880363160e-01 2.168343727508927543e+01 8.545241415310816935e-01 7.372973168591025228e+01 5.595048269999634982e+01 5.759026754054293873e-01 4.182273157083304937e-02 8.510935822489914537e-01 1.123386225595975318e+01 2.564760304750151043e+00 1.219224926753408589e+01 2.036936688480103896e+00 1.524639358588274831e+02 1.425985848732814754e+00 5.489880166083004269e+02 4.267000695816270728e+00 5.549676362306449340e-01 1.071225148936745519e+01 3.971832408354540433e+01 1.669697088720882050e+02 1.105481753928456357e+02 1.091478239351017399e+00 7.273589833128224491e+00 1.411819992427992965e+01 2.508395299438837966e+01 3.705935693219968385e+01 1.354767399858327508e+02 1.600437819325620239e+03 1.757143069141116030e+03 2.507228693441980028e+01 4.656713336459390895e+00 8.439951304474453408e+00 3.875687954336215171e+02 6.360877740914654410e-01 4.978236696902353930e-01 2.073559760233019489e+01 1.671293272862009260e+01
4.227972573721674507e+02 4.405931542355164083e+02 3.150210126120516634e+03 1.217335878866872889e+01 3.213345492892204724e+00 1.989596450235433736e+02 7.710380907380086910e+02 1.368535914820090966e+03 1.521794522656187212e+02 1.585518265256266659e+02 1.279502636356243602e+04 1.048863763893295982e+02 8.896369615605303238e+01 1.827429024887540436e+03 1.162610550287422839e+01 1.605580235488475580e+02 4.310326867636448151e+04 2.351021331214390375e+04 0.000000000000000000e+00 3.350008212031832500e+01 1.119623296980854093e+03 1.454062546601340955e+02 3.089217514251068224e+03 2.726544002899128714e+02 1.700282102995237778e+02 5.330956585952130990e+04 1.173626394257902393e+04 4.147717371695360384e+02 1.914431157433436283e+03 1.582557024144139177e+03 1.128467826496643625e+02 7.311360135444789421e+01 1.690097231620815990e+02 1.316826196786913169e+04 5.636667543182706908e+01 7.266775683910622320e+03 9.729218999278753472e+03 1.813231178419083153e+04 5.472884474277306026e+02 7.807455592821737866e+01 7.475688022223248019e+00 7.482502024454675826e+00 4.609356957578924607e+02 4.585527086157517829e+02 3.536813325782110837e+02 5.114843229300277017e+01 1.068386660449823822e+01 9.682438225123533027e-01 7.109962045785727547e+00 3.037665166919398363e+00 2.478747413101659447e+02 4.230637446399137502e+02 5.690604958754436060e-01 4.764611540706294168e-02 1.465465656321519594e+00 3.435366310367159315e+01 8.694550009195213036e+00 1.670477404499509433e+01 2.483371634885763513e+00 4.935184842471484501e+01 1.263043617082249659e+00 1.482781630765860257e+02 1.431743769837412827e+01 8.970628509665750094e-01 5.401917139940960055e+01 2.853616836519188382e+02 1.343747613730134560e+02 4.174426393446648831e+02 9.472412677897009692e-01 3.674266770660497627e+01 3.665914624747197337e+01 1.430662118560569240e+02 6.069673335419339111e+01 1.241345557765026797e+02 3.111396407286870271e+03 4.090126991118651858e+03 4.377739937455411479e+01 9.662826036723556555e+00 3.197058531736871956e+01 1.447597599754288069e+02 3.394792634210768711e-01 1.063794539289869334e+00 5.138544748602019752e+01 4.048734265634208640e+01
